"Date","Fuelprice1","Fuelprice2","Fuelprice3","Fuelprice4","Fuelprice5"
31-12-2021,4.912,4.587,3.336,4.435,4.738
30-12-2021,4.890,4.565,3.322,4.407,4.711
24-12-2021,4.879,4.554,3.262,4.342,4.638
23-12-2021,4.873,4.548,3.263,4.335,4.633
22-12-2021,4.874,4.549,3.228,4.329,4.628
21-12-2021,4.888,4.563,3.223,4.327,4.627
20-12-2021,4.986,4.661,3.257,4.419,4.720
18-12-2021,5.066,4.741,3.257,4.564,4.865
17-12-2021,5.071,4.746,3.279,4.578,4.878
16-12-2021,5.071,4.746,3.243,4.579,4.879
15-12-2021,5.082,4.757,3.251,4.588,4.887
14-12-2021,5.085,4.760,3.256,4.591,4.885
11-12-2021,5.086,4.761,3.248,4.575,4.853
10-12-2021,5.100,4.775,3.254,4.557,4.822
09-12-2021,5.096,4.771,3.237,4.503,4.776
08-12-2021,5.028,4.703,3.174,4.471,4.755
07-12-2021,4.974,4.649,3.111,4.404,4.718
04-12-2021,4.915,4.650,3.093,4.413,4.717
03-12-2021,4.921,4.656,3.125,4.429,4.735
02-12-2021,4.992,4.727,3.125,4.501,4.809
01-12-2021,5.008,4.743,3.130,4.522,4.834
30-11-2021,5.051,4.786,3.240,4.566,4.886
27-11-2021,5.079,4.814,3.324,4.587,4.907
26-11-2021,5.206,4.941,3.424,4.716,5.035
25-11-2021,5.192,4.927,3.439,4.734,5.032
24-11-2021,5.172,4.907,3.422,4.727,5.022
23-11-2021,5.150,4.885,3.376,4.716,5.015
20-11-2021,5.100,4.835,3.365,4.687,4.982
19-11-2021,5.156,4.891,3.390,4.763,5.015
18-11-2021,5.160,4.895,3.402,4.835,5.030
17-11-2021,5.183,4.918,3.415,4.910,5.133
16-11-2021,5.166,4.901,3.371,4.895,5.106
13-11-2021,5.228,4.963,3.381,4.881,5.078
11-11-2021,5.247,4.982,3.400,4.878,5.091
10-11-2021,5.230,4.965,3.402,4.876,5.101
09-11-2021,5.221,4.956,3.390,4.870,5.108
06-11-2021,5.225,4.960,3.384,4.876,5.119
05-11-2021,5.211,4.946,3.358,4.878,5.142
04-11-2021,5.219,4.954,3.365,4.880,5.152
03-11-2021,5.247,4.982,3.385,4.879,5.161
30-10-2021,5.241,4.976,3.411,4.867,5.159
29-10-2021,5.249,4.984,3.422,4.859,5.153
28-10-2021,5.261,4.996,3.438,4.849,5.150
27-10-2021,5.275,5.010,3.457,4.839,5.144
26-10-2021,5.268,5.003,3.446,4.826,5.135
23-10-2021,5.232,4.967,3.414,4.803,5.112
22-10-2021,5.204,4.939,3.413,4.796,5.101
21-10-2021,5.221,4.956,3.424,4.795,5.096
20-10-2021,5.203,4.938,3.423,4.790,5.081
19-10-2021,5.214,4.949,3.437,4.808,5.088
16-10-2021,5.200,4.935,3.450,4.806,5.079
15-10-2021,5.177,4.912,3.397,4.797,5.064
14-10-2021,5.173,4.908,3.400,4.814,5.078
13-10-2021,5.193,4.928,3.404,4.781,5.040
12-10-2021,5.189,4.924,3.423,4.777,5.035
09-10-2021,5.127,4.862,3.385,4.763,5.020
08-10-2021,5.096,4.831,3.352,4.735,4.982
07-10-2021,5.098,4.833,3.371,4.743,4.988
06-10-2021,5.048,4.783,3.388,4.709,4.959
05-10-2021,4.995,4.730,3.294,4.681,4.944
02-10-2021,4.962,4.697,3.245,4.658,4.933
01-10-2021,4.982,4.717,3.259,4.655,4.952
30-09-2021,4.956,4.691,3.210,4.617,4.922
29-09-2021,4.910,4.645,3.191,4.578,4.884
28-09-2021,4.877,4.612,3.189,4.549,4.854
25-09-2021,4.828,4.563,3.141,4.516,4.822
24-09-2021,4.791,4.526,3.116,4.478,4.784
23-09-2021,4.760,4.495,3.092,4.463,4.769
22-09-2021,4.732,4.467,3.040,4.454,4.757
21-09-2021,4.713,4.448,3.051,4.476,4.777
18-09-2021,4.688,4.423,3.040,4.473,4.773
17-09-2021,4.660,4.395,3.030,4.479,4.782
16-09-2021,4.632,4.367,3.019,4.476,4.781
15-09-2021,4.608,4.343,2.964,4.466,4.768
14-09-2021,4.592,4.327,2.961,4.473,4.787
11-09-2021,4.583,4.318,2.937,4.471,4.790
10-09-2021,4.577,4.312,2.918,4.465,4.777
09-09-2021,4.573,4.308,2.917,4.466,4.777
08-09-2021,4.575,4.310,2.918,4.472,4.803
07-09-2021,4.585,4.320,2.926,4.481,4.812
04-09-2021,4.588,4.323,2.935,4.484,4.808
03-09-2021,4.585,4.320,2.943,4.473,4.799
02-09-2021,4.556,4.291,2.914,4.482,4.803
01-09-2021,4.582,4.317,2.929,4.501,4.814
28-08-2021,4.574,4.309,2.943,4.484,4.794
27-08-2021,4.543,4.278,2.908,4.456,4.778
26-08-2021,4.517,4.252,2.907,4.429,4.746
25-08-2021,4.501,4.236,2.906,4.382,4.699
24-08-2021,4.485,4.220,2.851,4.362,4.669
21-08-2021,4.452,4.187,2.818,4.355,4.662
20-08-2021,4.479,4.214,2.837,4.393,4.703
19-08-2021,4.516,4.251,2.861,4.424,4.739
18-08-2021,4.520,4.255,2.868,4.449,4.764
17-08-2021,4.528,4.263,2.874,4.469,4.784
14-08-2021,4.538,4.273,2.890,4.491,4.801
13-08-2021,4.516,4.251,2.895,4.497,4.806
12-08-2021,4.506,4.241,2.878,4.496,4.801
11-08-2021,4.498,4.233,2.877,4.499,4.801
10-08-2021,4.465,4.200,2.852,4.493,4.778
07-08-2021,4.499,4.234,2.867,4.504,4.778
06-08-2021,4.499,4.234,2.885,4.515,4.762
05-08-2021,4.515,4.250,2.901,4.505,4.746
04-08-2021,4.548,4.283,2.918,4.526,4.745
03-08-2021,4.574,4.309,2.932,4.557,4.771
31-07-2021,4.589,4.324,2.946,4.570,4.783
30-07-2021,4.580,4.315,2.946,4.563,4.775
29-07-2021,4.580,4.315,2.937,4.551,4.762
28-07-2021,4.576,4.311,2.941,4.535,4.746
27-07-2021,4.562,4.297,2.932,4.498,4.709
24-07-2021,4.544,4.279,2.928,4.466,4.677
23-07-2021,4.508,4.243,2.903,4.447,4.660
22-07-2021,4.478,4.213,2.890,4.450,4.664
21-07-2021,4.489,4.224,2.894,4.441,4.656
20-07-2021,4.522,4.257,2.922,4.507,4.721
17-07-2021,4.575,4.310,2.949,4.541,4.754
16-07-2021,4.582,4.317,2.957,4.553,4.764
15-07-2021,4.582,4.317,2.985,4.572,4.778
14-07-2021,4.572,4.307,2.959,4.540,4.749
13-07-2021,4.554,4.289,2.938,4.525,4.732
10-07-2021,4.535,4.270,2.947,4.530,4.739
09-07-2021,4.518,4.253,2.900,4.475,4.681
08-07-2021,4.537,4.272,2.905,4.477,4.685
07-07-2021,4.570,4.305,2.919,4.493,4.700
06-07-2021,4.584,4.319,2.936,4.515,4.723
03-07-2021,4.563,4.298,2.938,4.502,4.707
02-07-2021,4.538,4.273,2.913,4.465,4.694
01-07-2021,4.518,4.253,2.883,4.444,4.679
30-06-2021,4.520,4.255,2.888,4.419,4.652
29-06-2021,4.521,4.256,2.892,4.394,4.630
26-06-2021,4.528,4.263,2.897,4.398,4.637
25-06-2021,4.529,4.264,2.900,4.393,4.634
24-06-2021,4.524,4.259,2.902,4.379,4.613
23-06-2021,4.514,4.249,2.898,4.355,4.597
22-06-2021,4.497,4.232,2.888,4.330,4.562
19-06-2021,4.491,4.226,2.873,4.307,4.552
18-06-2021,4.484,4.219,2.856,4.273,4.520
17-06-2021,4.471,4.206,2.860,4.252,4.479
16-06-2021,4.451,4.186,2.835,4.226,4.459
15-06-2021,4.442,4.177,2.818,4.209,4.435
12-06-2021,4.429,4.164,2.778,4.178,4.405
11-06-2021,4.420,4.155,2.779,4.180,4.410
10-06-2021,4.410,4.145,2.753,4.151,4.373
09-06-2021,4.413,4.148,2.753,4.147,4.368
08-06-2021,4.411,4.146,2.755,4.144,4.365
03-06-2021,4.378,4.113,2.737,4.125,4.340
02-06-2021,4.360,4.095,2.716,4.118,4.330
29-05-2021,4.344,4.079,2.703,4.113,4.321
28-05-2021,4.332,4.067,2.700,4.083,4.291
27-05-2021,4.326,4.061,2.684,4.067,4.274
26-05-2021,4.314,4.049,2.674,4.050,4.257
25-05-2021,4.314,4.049,2.678,4.048,4.252
22-05-2021,4.297,4.032,2.682,4.036,4.242
21-05-2021,4.311,4.046,2.695,4.042,4.243
20-05-2021,4.306,4.041,2.704,4.039,4.253
19-05-2021,4.374,4.109,2.725,4.100,4.305
18-05-2021,4.372,4.107,2.728,4.095,4.297
15-05-2021,4.365,4.100,2.724,4.088,4.290
14-05-2021,4.360,4.095,2.729,4.093,4.283
13-05-2021,4.373,4.108,2.754,4.124,4.332
12-05-2021,4.361,4.096,2.731,4.113,4.317
11-05-2021,4.354,4.089,2.722,4.111,4.315
08-05-2021,4.355,4.090,2.730,4.126,4.331
07-05-2021,4.346,4.081,2.736,4.138,4.348
06-05-2021,4.334,4.069,2.718,4.129,4.338
05-05-2021,4.308,4.043,2.694,4.100,4.306
01-05-2021,4.282,4.017,2.672,4.073,4.277
30-04-2021,4.275,4.010,2.693,4.066,4.272
29-04-2021,4.259,3.994,2.666,4.052,4.261
28-04-2021,4.245,3.980,2.631,4.036,4.241
27-04-2021,4.236,3.971,2.630,4.035,4.230
24-04-2021,4.243,3.978,2.634,4.055,4.260
23-04-2021,4.243,3.978,2.631,4.055,4.253
22-04-2021,4.249,3.984,2.633,4.068,4.269
21-04-2021,4.240,3.975,2.644,4.100,4.298
20-04-2021,4.266,4.001,2.659,4.117,4.315
17-04-2021,4.277,4.012,2.664,4.123,4.320
16-04-2021,4.262,3.997,2.647,4.105,4.306
15-04-2021,4.246,3.981,2.630,4.081,4.279
14-04-2021,4.226,3.961,2.608,4.056,4.249
13-04-2021,4.236,3.971,2.603,4.044,4.232
10-04-2021,4.233,3.968,2.596,4.041,4.225
09-04-2021,4.245,3.980,2.606,4.060,4.249
08-04-2021,4.254,3.989,2.621,4.085,4.282
07-04-2021,4.277,4.012,2.651,4.121,4.311
02-04-2021,4.285,4.020,2.666,4.127,4.316
01-04-2021,4.294,4.029,2.678,4.129,4.312
31-03-2021,4.299,4.034,2.682,4.119,4.299
30-03-2021,4.264,3.999,2.651,4.091,4.250
27-03-2021,4.259,3.994,2.644,4.079,4.235
26-03-2021,4.226,3.961,2.631,4.040,4.193
25-03-2021,4.241,3.976,2.642,4.048,4.206
24-03-2021,4.233,3.968,2.639,4.025,4.182
23-03-2021,4.246,3.981,2.653,4.042,4.198
20-03-2021,4.265,4.000,2.670,4.036,4.192
19-03-2021,4.289,4.024,2.693,4.077,4.228
18-03-2021,4.317,4.052,2.717,4.111,4.255
17-03-2021,4.339,4.074,2.737,4.125,4.270
16-03-2021,4.344,4.079,2.743,4.124,4.259
13-03-2021,4.339,4.074,2.731,4.116,4.254
12-03-2021,4.332,4.067,2.716,4.089,4.234
11-03-2021,4.329,4.064,2.722,4.072,4.220
10-03-2021,4.346,4.081,2.739,4.072,4.221
09-03-2021,4.330,4.065,2.754,4.073,4.226
06-03-2021,4.273,4.008,2.742,4.031,4.185
05-03-2021,4.224,3.959,2.671,3.993,4.141
04-03-2021,4.207,3.942,2.617,3.974,4.119
03-03-2021,4.216,3.951,2.625,3.977,4.119
02-03-2021,4.229,3.964,2.630,3.964,4.100
27-02-2021,4.234,3.969,2.633,3.949,4.080
26-02-2021,4.232,3.967,2.639,3.929,4.061
25-02-2021,4.218,3.953,2.642,3.908,4.043
24-02-2021,4.196,3.931,2.614,3.882,4.020
23-02-2021,4.191,3.926,2.596,3.868,4.005
20-02-2021,4.179,3.914,2.589,3.858,3.998
19-02-2021,4.174,3.909,2.600,3.836,3.980
18-02-2021,4.157,3.892,2.583,3.811,3.955
17-02-2021,4.136,3.871,2.556,3.783,3.925
16-02-2021,4.130,3.865,2.561,3.761,3.897
13-02-2021,4.105,3.840,2.524,3.742,3.877
12-02-2021,4.103,3.838,2.519,3.737,3.869
11-02-2021,4.088,3.823,2.511,3.733,3.862
10-02-2021,4.081,3.816,2.500,3.733,3.865
09-02-2021,4.056,3.791,2.504,3.741,3.871
06-02-2021,4.038,3.773,2.500,3.734,3.867
05-02-2021,4.006,3.741,2.463,3.707,3.832
04-02-2021,3.998,3.733,2.463,3.679,3.800
03-02-2021,3.981,3.716,2.441,3.655,3.777
02-02-2021,3.968,3.703,2.394,3.641,3.764
30-01-2021,3.964,3.699,2.395,3.642,3.771
29-01-2021,3.959,3.694,2.400,3.637,3.769
28-01-2021,3.956,3.691,2.406,3.637,3.771
27-01-2021,3.948,3.683,2.390,3.632,3.765
26-01-2021,3.942,3.677,2.391,3.624,3.758
23-01-2021,3.957,3.692,2.397,3.631,3.764
22-01-2021,3.969,3.704,2.404,3.639,3.778
21-01-2021,3.991,3.726,2.409,3.648,3.788
20-01-2021,3.992,3.727,2.412,3.636,3.765
19-01-2021,3.990,3.725,2.409,3.637,3.770
16-01-2021,3.988,3.723,2.402,3.638,3.773
15-01-2021,3.994,3.729,2.409,3.639,3.774
14-01-2021,3.983,3.718,2.403,3.635,3.772
13-01-2021,3.966,3.701,2.405,3.627,3.763
12-01-2021,3.936,3.671,2.372,3.598,3.736
09-01-2021,3.918,3.653,2.346,3.573,3.710
08-01-2021,3.904,3.639,2.313,3.549,3.686
06-01-2021,3.883,3.618,2.314,3.505,3.639
05-01-2021,3.870,3.605,2.291,3.485,3.620
01-01-2021,3.872,3.607,2.307,3.487,3.624
