"Date"	"Fuel1"	"Fuel2"	"Fuel3"	"Fuel4"	"Fuel5"
15-09-2022	6.939	6.614	5.421	5.685	6.234
14-09-2022	7.001	6.676	5.488	5.641	6.182
13-09-2022	7.047	6.722	5.527	5.647	6.198
10-09-2022	7.079	6.754	5.577	5.691	6.251
09-09-2022	7.110	6.785	5.613	5.725	6.291
08-09-2022	7.152	6.827	5.655	5.762	6.335
07-09-2022	7.177	6.852	5.687	5.804	6.385
06-09-2022	7.218	6.893	5.857	5.815	6.392
03-09-2022	7.200	6.875	5.719	5.800	6.358
02-09-2022	7.288	6.963	5.800	5.863	6.425
01-09-2022	7.373	7.048	5.922	5.949	6.518
31-08-2022	7.392	7.067	5.985	5.973	6.531
27-08-2022	7.531	7.206	6.069	6.021	6.648
26-08-2022	7.480	7.155	6.069	6.075	6.733
25-08-2022	7.410	7.085	6.091	6.062	6.755
24-08-2022	7.304	6.979	5.909	6.062	6.757
23-08-2022	7.202	6.877	5.761	6.017	6.733
20-08-2022	7.136	6.811	5.690	6.013	6.738
19-08-2022	7.068	6.743	5.566	5.970	6.690
18-08-2022	6.995	6.670	5.423	5.967	6.678
17-08-2022	6.946	6.621	5.353	5.979	6.696
13-08-2022	6.842	6.517	5.368	5.992	6.683
12-08-2022	6.781	6.456	5.241	5.979	6.687
11-08-2022	6.767	6.442	5.205	5.985	6.702
10-08-2022	6.785	6.460	5.224	5.998	6.726
09-08-2022	6.789	6.464	5.243	6.019	6.691
06-08-2022	6.839	6.514	5.301	6.062	6.728
05-08-2022	6.877	6.552	5.406	6.183	6.839
04-08-2022	6.891	6.566	5.468	6.253	6.906
03-08-2022	6.942	6.617	5.553	6.299	6.945
02-08-2022	7.101	6.776	5.629	6.437	7.073
30-07-2022	7.220	6.895	5.729	6.497	7.129
29-07-2022	7.219	6.894	5.736	6.493	7.126
28-07-2022	7.191	6.866	5.589	6.453	7.083
27-07-2022	7.165	6.840	5.484	6.429	7.084
26-07-2022	7.173	6.848	5.487	6.446	7.120
23-07-2022	7.208	6.883	5.555	6.470	7.164
22-07-2022	7.262	6.937	5.626	6.524	7.239
21-07-2022	7.321	6.996	5.726	6.583	7.292
20-07-2022	7.366	7.041	5.794	6.607	7.286
19-07-2022	7.415	7.090	5.861	6.662	7.307
16-07-2022	7.462	7.137	5.926	6.739	7.357
15-07-2022	7.378	7.053	5.846	6.807	7.394
14-07-2022	7.405	7.080	5.897	6.850	7.419
13-07-2022	7.365	7.040	5.850	6.911	7.485
12-07-2022	7.399	7.074	5.881	6.977	7.563
09-07-2022	7.276	6.951	5.762	6.992	7.573
08-07-2022	7.301	6.976	5.787	6.956	7.526
07-07-2022	7.304	6.979	5.796	6.861	7.441
06-07-2022	7.371	7.046	5.879	6.939	7.552
05-07-2022	7.439	7.114	5.959	7.057	7.669
02-07-2022	7.420	7.095	5.947	7.035	7.646
01-07-2022	7.369	7.044	5.965	7.108	7.739
30-06-2022	7.465	7.140	6.063	7.184	7.844
29-06-2022	7.502	7.177	6.103	7.162	7.776
28-06-2022	7.570	7.245	6.167	7.151	7.754
25-06-2022	7.583	7.258	6.230	7.124	7.887
24-06-2022	7.599	7.274	6.202	7.115	7.888
23-06-2022	7.624	7.299	6.181	7.111	7.887
22-06-2022	7.626	7.301	6.214	7.163	7.955
21-06-2022	7.703	7.378	6.233	7.150	7.913
18-06-2022	7.699	7.374	6.202	7.187	7.940
16-06-2022	7.683	7.358	6.246	7.304	8.021
15-06-2022	7.586	7.261	6.124	7.331	8.083
14-06-2022	7.523	7.198	5.969	7.323	8.017
11-06-2022	7.492	7.167	5.919	7.328	8.005
10-06-2022	7.423	7.098	5.931	7.323	7.942
09-06-2022	7.579	7.254	5.752	7.316	7.997
08-06-2022	7.455	7.130	5.655	7.397	8.153
07-06-2022	7.491	7.166	5.599	7.463	8.232
02-06-2022	7.497	7.172	5.582	7.519	8.311
01-06-2022	7.237	6.912	5.433	7.406	8.194
31-05-2022	7.079	6.754	5.394	7.213	7.950
28-05-2022	7.036	6.711	5.360	7.129	7.864
27-05-2022	7.029	6.704	5.366	7.076	7.798
26-05-2022	6.827	6.502	5.182	6.895	7.504
25-05-2022	6.746	6.421	5.130	6.714	7.306
24-05-2022	6.730	6.405	5.153	6.770	7.358
21-05-2022	6.782	6.457	5.216	6.822	7.421
20-05-2022	6.848	6.523	5.281	6.826	7.430
19-05-2022	6.895	6.570	5.328	6.876	7.481
18-05-2022	6.950	6.625	5.389	6.942	7.554
17-05-2022	6.978	6.653	5.416	6.932	7.581
14-05-2022	7.002	6.677	5.441	6.791	7.440
13-05-2022	6.919	6.594	5.361	6.515	6.927
12-05-2022	6.907	6.582	5.394	6.407	6.819
11-05-2022	6.857	6.532	5.427	6.408	6.834
10-05-2022	6.875	6.550	5.494	6.430	6.862
07-05-2022	7.117	6.792	5.575	6.517	6.939
06-05-2022	7.169	6.844	5.612	6.352	6.749
05-05-2022	7.244	6.919	5.629	6.343	6.733
30-04-2022	7.226	6.901	5.704	6.237	6.613
29-04-2022	7.269	6.944	5.653	6.260	6.644
28-04-2022	7.214	6.889	5.559	6.128	6.477
27-04-2022	6.992	6.667	5.322	5.947	6.289
26-04-2022	6.916	6.591	5.205	5.857	6.195
23-04-2022	6.991	6.666	5.264	5.916	6.248
22-04-2022	6.952	6.627	5.242	5.896	6.236
21-04-2022	7.008	6.683	5.278	5.867	6.207
20-04-2022	6.971	6.646	5.228	5.861	6.197
15-04-2022	6.991	6.666	5.245	5.862	6.197
14-04-2022	6.816	6.491	5.080	5.874	6.211
13-04-2022	6.728	6.403	4.998	5.794	6.131
12-04-2022	6.562	6.237	4.848	5.686	6.022
09-04-2022	6.636	6.311	4.913	5.731	6.070
08-04-2022	6.681	6.356	4.938	5.752	6.098
07-04-2022	6.740	6.415	5.007	5.796	6.141
06-04-2022	6.785	6.460	5.040	5.831	6.173
05-04-2022	6.879	6.554	5.109	5.851	6.192
02-04-2022	6.843	6.518	5.007	5.884	6.229
01-04-2022	6.977	6.652	5.118	5.967	6.297
31-03-2022	7.161	6.836	5.269	6.024	6.343
30-03-2022	7.316	6.991	5.393	6.063	6.371
29-03-2022	7.416	7.091	5.482	6.117	6.431
26-03-2022	7.512	7.187	5.572	6.213	6.510
25-03-2022	7.579	7.254	5.629	6.142	6.420
24-03-2022	7.523	7.198	5.584	6.104	6.379
23-03-2022	7.172	6.847	5.304	5.981	6.278
22-03-2022	7.091	6.766	5.257	5.963	6.255
19-03-2022	6.807	6.482	4.998	5.699	6.014
18-03-2022	6.738	6.413	4.929	5.657	5.977
17-03-2022	6.498	6.173	4.718	5.670	5.961
16-03-2022	6.679	6.354	4.938	5.815	6.102
15-03-2022	7.026	6.701	5.303	6.041	6.340
12-03-2022	7.247	6.922	5.540	6.216	6.531
11-03-2022	7.385	7.060	5.688	6.307	6.632
10-03-2022	7.673	7.348	5.978	6.470	6.815
09-03-2022	8.029	7.704	6.333	6.628	6.989
08-03-2022	7.601	7.276	5.904	6.530	6.896
05-03-2022	6.957	6.632	5.349	6.070	6.401
04-03-2022	6.692	6.367	5.086	5.825	6.142
03-03-2022	6.528	6.203	4.934	5.668	5.985
02-03-2022	6.158	5.833	4.560	5.476	5.769
01-03-2022	5.855	5.530	4.266	5.296	5.577
26-02-2022	5.761	5.436	4.146	5.238	5.538
25-02-2022	5.829	5.504	4.209	5.302	5.614
24-02-2022	5.477	5.152	3.860	4.982	5.280
23-02-2022	5.483	5.158	3.872	4.977	5.278
22-02-2022	5.409	5.084	3.800	4.937	5.236
19-02-2022	5.385	5.060	3.789	4.927	5.210
18-02-2022	5.382	5.057	3.788	4.928	5.211
17-02-2022	5.400	5.075	3.808	4.948	5.229
16-02-2022	5.405	5.080	3.811	4.955	5.235
15-02-2022	5.459	5.134	3.858	5.018	5.303
12-02-2022	5.349	5.024	3.753	4.917	5.204
11-02-2022	5.319	4.994	3.724	4.868	5.153
10-02-2022	5.320	4.995	3.727	4.832	5.111
09-02-2022	5.329	5.004	3.737	4.834	5.114
08-02-2022	5.375	5.050	3.783	4.867	5.149
05-02-2022	5.367	5.042	3.771	4.844	5.125
04-02-2022	5.321	4.996	3.722	4.791	5.077
03-02-2022	5.309	4.984	3.722	4.790	5.076
02-02-2022	5.313	4.988	3.737	4.793	5.080
01-02-2022	5.318	4.993	3.747	4.807	5.095
29-01-2022	5.327	5.002	3.756	4.799	5.088
28-01-2022	5.259	4.934	3.701	4.753	5.041
27-01-2022	5.253	4.928	3.690	4.751	5.039
26-01-2022	5.169	4.844	3.593	4.662	4.950
25-01-2022	5.152	4.827	3.570	4.616	4.907
22-01-2022	5.168	4.843	3.587	4.632	4.928
21-01-2022	5.171	4.846	3.593	4.640	4.930
20-01-2022	5.156	4.831	3.596	4.602	4.884
19-01-2022	5.124	4.799	3.560	4.558	4.831
18-01-2022	5.098	4.773	3.526	4.550	4.819
15-01-2022	5.090	4.765	3.503	4.543	4.809
14-01-2022	5.086	4.761	3.479	4.527	4.792
13-01-2022	5.083	4.758	3.494	4.520	4.787
12-01-2022	5.072	4.747	3.471	4.511	4.778
11-01-2022	5.056	4.731	3.428	4.498	4.765
08-01-2022	5.038	4.713	3.437	4.496	4.765
06-01-2022	4.997	4.672	3.410	4.482	4.751
05-01-2022	4.966	4.641	3.359	4.470	4.734
01-01-2022	4.947	4.622	3.345	4.473	4.775
